0.009056 129 
0.008026 129 
0.007573 128 
0.007525 128 
0.007549 128 
0.007597 128 
0.006649 128 
0.007621 128 
0.008026 129 
0.008026 129 
0.008077 129 
0.007951 128 
0.008527 129 
0.007069 128 
0.009965 129 
0.008395 129 
0.007646 128 
0.009588 129 
0.008527 129 
0.007525 128 
0.008527 129 
0.007525 128 
0.007549 128 
0.008554 129 
0.007646 128 
0.007091 128 
0.007091 128 
0.007621 128 
0.008207 129 
0.008999 129 
0.008001 129 
0.007573 128 
0.004956 127 
0.007597 128 
0.008181 129 
0.007002 128 
0.007597 128 
0.008527 129 
0.008804 129 
0.007646 128 
0.007069 128 
0.006628 128 
0.007047 128 
0.005538 127 
0.006670 128 
0.007091 128 
0.006079 128 
0.006523 128 
0.007091 128 
0.007002 128 
0.007069 128 
0.008636 129 
0.006022 128 
0.005067 127 
0.006079 128 
0.007549 128 
0.005556 127 
0.006980 128 
0.006544 128 
0.008077 129 
0.009114 129 
0.005538 127 
0.007573 128 
0.007597 128 
0.006544 128 
0.006585 128 
0.007183 128 
0.005591 127 
0.006138 128 
0.007206 128 
0.007621 128 
0.006138 128 
0.006138 128 
0.006099 128 
0.006714 128 
0.006218 128 
0.006824 128 
0.007206 128 
0.007137 128 
0.007206 128 
0.006892 128 
0.006735 128 
0.006735 128 
0.007899 128 
0.006384 128 
0.006384 128 
0.008566 129 
0.008926 129 
0.007437 128 
0.005849 127 
0.006991 128 
0.008369 129 
0.008335 129 
0.009676 129 
0.013773 131 
0.023827 136 
0.082288 166 
0.118169 184 
0.126054 188 
0.131198 190 
0.115424 182 
0.079622 164 
0.024561 137 
-0.088410 80 
-0.202226 23 
0.228622 239 
0.203961 226 
0.130486 190 
0.038990 144 
-0.010172 119 
-0.059577 95 
-0.097200 76 
-0.155638 47 
-0.196292 26 
-0.242205 3 
0.218170 234 
0.195131 222 
0.160957 205 
0.135165 192 
0.105151 177 
0.086684 168 
0.059308 154 
0.039859 144 
0.023955 136 
0.007157 128 
-0.004277 122 
-0.023408 113 
-0.043728 103 
-0.076659 86 
-0.106230 71 
-0.135207 57 
-0.168451 40 
-0.187237 31 
-0.207474 21 
-0.219060 15 
-0.234816 7 
-0.241482 4 
-0.246495 1 
0.247924 248 
0.241594 245 
0.235952 242 
0.231527 240 
0.223487 236 
0.213424 231 
0.202707 226 
0.189865 219 
0.182807 216 
0.169293 209 
0.160102 205 
0.149634 199 
0.139110 194 
0.129050 189 
0.119716 184 
0.105351 177 
0.089509 169 
0.081331 165 
0.078348 164 
0.066723 158 
0.057752 153 
0.048682 149 
0.043968 146 
0.035742 142 
0.025757 137 
0.022805 136 
0.019129 134 
0.019262 134 
0.013865 131 
0.009760 129 
0.009391 129 
0.010188 130 
0.007476 128 
0.003288 126 
0.003315 126 
-0.001989 124 
-0.005868 122 
-0.008171 120 
-0.009744 120 
-0.012876 118 
-0.014043 117 
-0.017413 116 
-0.018424 115 
-0.018023 115 
-0.021879 114 
-0.024668 112 
-0.025471 112 
-0.030448 109 
-0.040058 104 
-0.041274 104 
-0.045778 102 
-0.052248 98 
-0.057809 96 
-0.058781 95 
-0.056783 96 
-0.058821 95 
-0.065141 92 
-0.068679 90 
-0.074415 87 
-0.076221 86 
-0.080640 84 
-0.090034 79 
-0.094973 77 
-0.097440 76 
-0.105661 72 
-0.104042 72 
-0.106717 71 
-0.110010 69 
-0.112703 68 
-0.116419 66 
-0.123503 63 
-0.126989 61 
-0.132478 58 
-0.134351 57 
-0.139970 55 
-0.142059 53 
-0.145241 52 
-0.150030 49 
-0.155218 47 
-0.163503 43 
-0.166857 41 
-0.165165 42 
-0.171662 39 
-0.173516 38 
-0.178870 35 
-0.184472 32 
-0.189558 30 
-0.194599 27 
-0.198004 25 
-0.200524 24 
-0.201867 24 
-0.204198 22 
-0.205789 22 
-0.211869 19 
-0.212581 18 
-0.216918 16 
-0.219698 15 
-0.220978 14 
-0.220837 14 
-0.224686 12 
-0.228094 10 
-0.229150 10 
-0.229425 10 
-0.232039 8 
-0.234242 7 
-0.237110 6 
-0.238937 5 
-0.241974 4 
-0.245525 2 
-0.248041 0 
-0.246034 1 
-0.247985 1 
-0.248508 0 
-0.249021 0 
-0.249510 0 
0.247998 248 
0.245539 247 
0.239603 244 
0.238937 244 
0.237552 243 
0.235934 242 
0.233836 241 
0.232107 241 
0.229560 239 
0.227994 238 
0.227781 238 
0.228524 239 
0.225625 237 
0.219944 234 
0.222934 236 
0.221048 235 
0.219622 234 
0.214854 232 
0.212823 231 
0.209475 229 
0.209018 229 
0.207382 228 
0.205934 227 
0.201068 225 
0.194730 222 
0.192372 221 
0.187740 218 
0.186601 218 
0.185330 217 
0.184329 217 
0.181955 215 
0.179872 214 
0.175944 212 
0.171745 210 
0.169468 209 
0.165738 207 
0.163361 206 
0.161498 205 
0.154526 202 
0.151067 200 
0.152443 201 
0.146939 198 
0.143826 196 
0.139020 194 
0.137973 193 
0.135183 192 
0.134033 192 
0.133320 191 
0.125464 187 
0.120647 185 
0.115703 182 
0.111999 180 
0.108779 179 
0.107580 178 
0.104661 177 
0.096735 173 
0.097352 173 
0.095287 172 
0.092222 171 
0.089414 169 
0.083960 166 
0.077837 163 
0.079951 164 
0.077245 163 
0.072487 161 
0.069632 159 
0.068045 159 
0.064219 157 
0.060140 155 
0.059177 154 
0.055608 152 
0.052629 151 
0.048907 149 
0.047592 148 
0.044987 147 
0.043906 146 
0.040495 145 
0.039660 144 
0.037918 143 
0.038858 144 
0.034625 142 
0.031944 140 
0.031416 140 
0.031098 140 
0.027155 138 
0.024136 137 
0.020643 135 
0.020053 135 
0.014285 132 
0.016174 133 
0.019198 134 
0.015655 132 
0.011013 130 
0.008566 129 
0.007847 128 
0.007821 128 
0.004742 127 
0.002129 126 
0.003151 126 
0.001072 125 
0.000529 125 
0.001086 125 
0.001083 125 
-0.002725 123 
-0.004482 122 
-0.007731 121 
-0.006890 121 
-0.008066 120 
-0.011181 119 
-0.011307 119 
-0.015223 117 
-0.014587 117 
-0.019499 115 
-0.022328 113 
-0.019941 115 
-0.024860 112 
-0.028124 110 
-0.029726 110 
-0.031788 109 
-0.031542 109 
-0.035223 107 
-0.040614 104 
-0.045412 102 
-0.046452 101 
-0.049400 100 
-0.052568 98 
-0.057014 96 
-0.058025 95 
-0.060969 94 
-0.064736 92 
-0.068399 90 
-0.076182 86 
-0.078399 85 
-0.078613 85 
-0.084386 82 
-0.092472 78 
-0.088157 80 
-0.090840 79 
-0.095896 77 
-0.094640 77 
-0.094678 77 
-0.098336 75 
-0.102908 73 
-0.104255 72 
-0.114828 67 
-0.126273 61 
-0.127506 61 
-0.132455 58 
-0.132921 58 
-0.135763 57 
-0.143904 53 
-0.151879 49 
-0.153694 48 
-0.162357 43 
-0.182446 33 
-0.225439 12 
-0.176894 36 
-0.110095 69 
-0.058360 95 
-0.005820 122 
0.021601 135 
0.026284 138 
0.016532 133 
0.011269 130 
0.006824 128 
0.008260 129 
0.009069 129 
0.008234 129 
0.008260 129 
0.008719 129 
0.008747 129 
0.008891 129 
0.009261 129 
0.009444 129 
0.008833 129 
0.008234 129 
0.009351 129 
0.007873 128 
0.008804 129 
0.008260 129 
0.008155 129 
0.008747 129 
0.009558 129 
0.008155 129 
0.008862 129 
0.008747 129 
0.008287 129 
0.007695 128 
0.007229 128 
0.008234 129 
0.007646 128 
0.009172 129 
0.008077 129 
0.009143 129 
0.009114 129 
0.009172 129 
0.008129 129 
0.007183 128 
0.008207 129 
0.008155 129 
0.008663 129 
0.008129 129 
0.007745 128 
0.007597 128 
0.008077 129 
0.008026 129 
0.007573 128 
0.009172 129 
0.007695 128 
0.009528 129 
0.008527 129 
0.008527 129 
0.008129 129 
0.009027 129 
0.009027 129 
0.008500 129 
0.009680 129 
0.009498 129 
0.008052 129 
0.007114 128 
0.008581 129 
0.009498 129 
0.009172 129 
0.008001 129 
0.007047 128 
0.007002 128 
0.009085 129 
0.008500 129 
0.007091 128 
0.007525 128 
0.008077 129 
0.008001 129 
0.007502 128 
0.007455 128 
0.006937 128 
0.006915 128 
0.006937 128 
0.007926 128 
0.007318 128 
0.007340 128 
0.007363 128 
0.007853 128 
0.008636 129 
0.006565 128 
0.005820 127 
0.008369 129 
0.008052 129 
0.006422 128 
0.007805 128 
0.008860 129 
0.009237 129 
0.009265 129 
0.007976 128 
0.008699 129 
0.011279 130 
0.006937 128 
0.006003 128 
0.006482 128 
0.006915 128 
0.008052 129 
0.008369 129 
0.008860 129 
0.007525 128 
0.008395 129 
0.009322 129 
0.008292 129 
0.007926 128 
0.009812 129 
0.007432 128 
0.005947 127 
0.007926 128 
0.010365 130 
0.008474 129 
0.005910 127 
0.005947 127 
0.007363 128 
0.007902 128 
0.008779 129 
0.006422 128 
0.006996 128 
0.009876 129 
0.006531 128 
0.007440 128 
0.007951 128 
0.006474 128 
0.007596 128 
0.008518 129 
0.008543 129 
0.007836 128 
0.006915 128 
0.007440 128 
0.007038 128 
0.007462 128 
0.008443 129 
0.007058 128 
0.008859 129 
0.007998 128 
0.006936 128 
0.008569 129 
0.007528 128 
0.008046 129 
0.007100 128 
0.006667 128 
0.008468 129 
0.006550 128 
0.006381 128 
0.008393 129 
0.008468 129 
0.008443 129 
0.007687 128 
0.008192 129 
0.008569 129 
0.007419 128 
0.009351 129 
0.008518 129 
0.007951 128 
0.008393 129 
0.007664 128 
0.008118 129 
0.008094 129 
0.007687 128 
0.008646 129 
0.009017 129 
0.008833 129 
0.007905 128 
0.008543 129 
0.008118 129 
0.008046 129 
0.008964 129 
0.009017 129 
0.007551 128 
0.007618 128 
0.007551 128 
0.008595 129 
0.007573 128 
0.007975 128 
0.007618 128 
0.006608 128 
0.007462 128 
0.007122 128 
0.008217 129 
0.008167 129 
0.007017 128 
0.010375 130 
0.007596 128 
0.008468 129 
0.008418 129 
0.008046 129 
0.007208 128 
0.009519 129 
0.007038 128 
0.007618 128 
0.011108 130 
0.010910 130 
0.007440 128 
0.008937 129 
0.009519 129 
0.009351 129 
0.008673 129 
0.008673 129 
0.009126 129 
0.010084 130 
0.010054 130 
0.007781 128 
0.007618 128 
0.011041 130 
0.007711 128 
0.005699 127 
0.010145 130 
0.008725 129 
0.007318 128 
0.009693 129 
0.009237 129 
0.006852 128 
0.006810 128 
0.008699 129 
0.011075 130 
0.011176 130 
0.008860 129 
0.007781 128 
0.007853 128 
0.008779 129 
0.010176 130 
0.007758 128 
0.007296 128 
0.007363 128 
0.008725 129 
0.010207 130 
0.011245 130 
0.009439 129 
0.007976 128 
0.008369 129 
0.009558 129 
0.010028 130 
0.006937 128 
0.008500 129 
0.008474 129 
0.008474 129 
0.009997 129 
0.008077 129 
0.007902 128 
0.008636 129 
0.008077 129 
0.009409 129 
0.008474 129 
0.006980 128 
0.009085 129 
0.008500 129 
0.007525 128 
0.007951 128 
0.006022 128 
0.007976 128 
0.007502 128 
0.006915 128 
0.006937 128 
0.007047 128 
0.008581 129 
0.009558 129 
0.007206 128 
0.007770 128 
0.008314 129 
0.008653 129 
0.009549 129 
0.008428 129 
0.009172 129 
0.008302 129 
0.009268 129 
0.010852 130 
0.015507 132 
0.008518 129 
-0.009760 120 
-0.055888 97 
-0.076090 86 
-0.097200 76 
-0.101803 74 
-0.103996 73 
-0.100555 74 
-0.102416 73 
-0.092847 78 
-0.094316 77 
-0.086587 81 
-0.086010 81 
-0.082524 83 
-0.076407 86 
-0.072709 88 
-0.066970 91 
-0.070294 89 
-0.065858 92 
-0.062893 93 
-0.064545 92 
-0.056729 96 
-0.058712 95 
-0.053583 98 
-0.054446 97 
-0.050757 99 
-0.049425 100 
-0.045797 102 
-0.040173 104 
-0.038664 105 
-0.039965 105 
-0.036292 106 
-0.026898 111 
-0.025871 112 
-0.027907 111 
-0.021794 114 
-0.016988 116 
-0.015053 117 
-0.011610 119 
-0.009671 120 
-0.007657 121 
-0.010158 119 
-0.009598 120 
-0.008066 120 
-0.005723 122 
-0.004546 122 
-0.005042 122 
-0.003881 123 
-0.002772 123 
-0.002734 123 
0.000538 125 
0.001094 125 
0.003281 126 
0.004938 127 
0.001624 125 
0.005007 127 
0.003259 126 
0.007573 128 
0.008253 129 
0.008712 129 
0.010485 130 
0.010377 130 
0.011073 130 
0.013187 131 
0.016949 133 
0.019300 134 
0.020423 135 
0.020717 135 
0.024121 137 
0.023640 136 
0.026870 138 
0.029316 139 
0.029680 139 
0.031416 140 
0.034477 142 
0.038413 144 
0.039132 144 
0.044456 147 
0.045458 147 
0.046794 148 
0.050618 150 
0.054173 152 
0.055349 152 
0.058932 154 
0.060322 155 
0.063858 156 
0.067071 158 
0.067475 158 
0.071460 160 
0.077257 163 
0.080001 165 
0.083371 166 
0.088330 169 
0.094342 172 
0.096110 173 
0.099709 174 
0.100592 175 
0.108175 179 
0.111195 180 
0.113159 181 
0.115307 182 
0.116833 183 
0.123522 186 
0.129406 189 
0.129406 189 
0.129433 189 
0.134873 192 
0.139605 194 
0.144732 197 
0.149477 199 
0.150573 200 
0.155092 202 
0.161377 205 
0.158989 204 
0.167871 208 
0.172646 211 
0.176208 213 
0.174433 212 
0.175620 212 
0.178870 214 
0.185386 217 
0.186232 218 
0.190274 220 
0.197269 223 
0.195838 222 
0.200972 225 
0.206909 228 
0.209483 229 
0.207179 228 
0.208670 229 
0.216050 233 
0.217062 233 
0.219465 234 
0.218476 234 
0.220896 235 
0.224156 237 
0.226873 238 
0.230208 240 
0.229940 239 
0.231737 240 
0.234713 242 
0.237862 243 
0.235286 242 
0.238232 244 
0.237866 243 
0.239139 244 
0.242983 246 
0.244086 247 
0.248218 249 
0.247237 248 
0.248925 249 
0.248387 249 
-0.247871 1 
-0.246312 1 
-0.246275 1 
-0.245700 2 
-0.245670 2 
-0.244570 2 
-0.244130 2 
-0.241731 4 
-0.239358 5 
-0.238549 5 
-0.236075 6 
-0.237238 6 
-0.236645 6 
-0.232638 8 
-0.233787 8 
-0.234137 7 
-0.229076 10 
-0.228768 10 
-0.227512 11 
-0.222427 13 
-0.219954 15 
-0.220044 14 
-0.217972 16 
-0.215130 17 
-0.212091 18 
-0.209079 20 
-0.207864 21 
-0.198120 25 
-0.193063 28 
-0.184987 32 
-0.181489 34 
-0.180727 34 
-0.179143 35 
-0.177201 36 
-0.173631 38 
-0.169221 40 
-0.164115 42 
-0.157861 46 
-0.152428 48 
-0.151372 49 
-0.149215 50 
-0.145822 52 
-0.134967 57 
-0.131824 59 
-0.130268 59 
-0.125000 62 
-0.121275 64 
-0.117230 66 
-0.116576 66 
-0.111149 69 
-0.105405 72 
-0.102116 73 
-0.097685 76 
-0.096469 76 
-0.090430 79 
-0.086010 81 
-0.082716 83 
-0.078156 85 
-0.070544 89 
-0.068133 90 
-0.062779 93 
-0.059766 95 
-0.049211 100 
-0.045722 102 
-0.045056 102 
-0.044949 102 
-0.041301 104 
-0.039152 105 
-0.035801 107 
-0.030017 109 
-0.029304 110 
-0.027130 111 
-0.021054 114 
-0.020614 114 
-0.021837 114 
-0.017104 116 
-0.016363 116 
-0.015374 117 
-0.009671 120 
-0.009315 120 
-0.008464 120 
-0.009102 120 
-0.005704 122 
-0.003804 123 
-0.001941 124 
0.000000 125 
0.000672 125 
0.005303 127 
0.005281 127 
0.005990 127 
0.007541 128 
0.009065 129 
0.015932 132 
0.019262 134 
0.019792 134 
0.022048 136 
0.023886 136 
0.029738 139 
0.036870 143 
0.044970 147 
0.051727 150 
0.061320 155 
0.070048 160 
0.077536 163 
0.084540 167 
0.096486 173 
0.112591 181 
0.121855 185 
0.135012 192 
0.150770 200 
0.159452 204 
0.169813 209 
0.182028 216 
0.194780 222 
0.208361 229 
0.215375 232 
0.225827 237 
0.233350 241 
0.242914 246 
0.249249 249 
-0.242013 3 
-0.236227 6 
-0.222656 13 
-0.209475 20 
-0.201065 24 
-0.183138 33 
-0.166544 41 
-0.146833 51 
-0.131537 59 
-0.109575 70 
-0.094678 77 
-0.080314 84 
-0.056623 96 
-0.038587 105 
-0.012219 118 
-0.004371 122 
0.007189 128 
0.034069 142 
0.063378 156 
0.102833 176 
0.128807 189 
0.174347 212 
0.200635 225 
0.224009 237 
0.239961 244 
0.248368 249 
-0.237124 6 
-0.226489 11 
-0.198792 25 
-0.158024 45 
-0.091887 79 
-0.043536 103 
-0.020900 114 
0.005375 127 
0.016493 133 
0.067003 158 
-0.186716 31 
-0.097552 76 
-0.069372 90 
-0.043377 103 
0.003292 126 
0.078533 164 
0.111565 180 
0.091211 170 
0.051454 150 
0.020239 135 
0.007543 128 
0.008957 129 
0.008742 129 
0.010666 130 
0.008086 129 
0.008086 129 
0.009602 129 
0.009131 129 
0.008920 129 
0.007821 128 
0.008452 129 
0.008234 129 
0.009444 129 
0.009506 129 
0.007745 128 
0.007978 128 
0.009634 129 
0.006757 128 
0.008207 129 
0.008181 129 
0.008776 129 
0.008452 129 
0.006384 128 
0.008920 129 
0.007720 128 
0.007770 128 
0.009261 129 
0.009172 129 
0.008369 129 
0.007925 128 
0.005663 127 
0.008804 129 
0.007847 128 
0.007795 128 
0.008260 129 
0.007253 128 
0.007300 128 
0.007720 128 
0.008608 129 
0.008747 129 
0.007873 128 
0.008891 129 
0.007720 128 
0.007206 128 
0.006757 128 
0.006670 128 
0.007670 128 
0.008719 129 
0.009558 129 
0.009201 129 
0.009351 129 
0.009291 129 
0.009085 129 
0.007646 128 
0.007160 128 
0.006544 128 
0.009143 129 
0.009056 129 
0.007160 128 
0.006565 128 
0.007670 128 
0.009085 129 
0.010092 130 
0.009558 129 
